-8.5691373129308985   -3.9369332597631863   -3.2206701626973908   -3.0482479869676102   -6.0522790633362966   -4.6995609977500097   -3.9941585968087816   -6.7104072175966607   -3.2453041060602184   -7.0607402550101082   -4.5122833596242966   -2.4997201529644935   -3.6426367816409662   -1.5707462805725019   -7.9784688016538912   -3.8936418102220776   -9.8219002814262666   -2.3025283782801376   -2.3483664253823981   -1.9448651421947813   -4.5391581266637013   -3.8718497601150830   -4.7063591204638309   -6.5603133384650167   -3.6497253232076332   -6.6419543029262833   -2.7134701747591117   
-2.5528619980784999   -5.1392262080557547   -6.0497198222455832   -6.2194047950350262   -1.1735963076094440   -8.5639540871281046   -8.8051161439449928   -8.4949612156411529   -3.3328454702735173   -5.0045327002510547   -8.8051161439449928   -2.1390850632227161   -6.1216070517588994   -6.8085622620709243   -2.1459387811703974   -8.3126396588471980   -8.9004263237493166   -2.7193750088559678   -3.7884385353927739   -4.7032243760875083   -2.1373500561366239   -6.3202094941569920   -7.6766508921272010   -8.9004263237493166   -2.3611294272462486   -8.9004263237493166   -4.7384231130534014   
-2.0894631398847698   -9.3982849786401577   -3.8466182187208457   -7.6784990090371927   -1.7391136109740999   -8.7921491750698433   -9.5806065354341126   -1.9093388132314668   -2.9331775988939013   -9.4852963556297887   -3.3436500333481591   -3.2765234305843181   -8.5158957984416848   -8.8386691907047350   -1.6000355228278762   -9.4852963556297887   -6.3860234031349563   -3.3776662418796031   -5.8381863143921464   -2.3909106346293085   -3.2184408726543063   -9.4852963556297887   -8.8386691907047350   -9.5806065354341126   -4.6212645357254072   -8.2996726899720485   -3.8668737299247438   
-3.7200475908408235   -7.4184345505757561   -7.8868134840944899   -4.5648654740864751   -1.9699465394791131   -6.7968969023939341   -5.4304488376459741   -6.7541553540166630   -2.4627220077183942   -6.2773755716603894   -7.6662707144803379   -4.5583264503194183   -5.5188785108919935   -5.9464847448773721   -3.1170097229317628   -8.3804713042381156   -8.1362743437260736   -3.6243165394601604   -3.6811521539816408   -7.1936663035345445   -3.9941983786827824   -5.5687641654028628   -7.0773273114503947   -9.9280338129541281   -4.6138430972498012   -9.7457122561601732   -0.5394468422260206   
-3.0956911156796725   -6.3279563530093395   -3.7113941175293448   -2.4143090966150091   -3.7280101535107066   -4.5550958099493206   -4.9582369569836615   -6.3408241776207328   -4.4651158844639438   -8.0432622665219515   -7.0129179489828450   -3.4395652463282116   -3.7489856294972617   -2.3891535950601428   -5.2811982786521376   -4.4265987840363543   -6.2651316283495033   -1.9762712469186809   -2.5192259875477632   -3.7331106440131854   -6.0512936758071696   -4.1152260280409223   -4.7192493011961147   -4.4511788671515573   -4.5355882410357760   -7.7317546156581018   -1.1291364595675442   
-2.7634422911455703   -7.9114774546442685   -7.5295428439462988   -8.4946237399898852   -2.4511005664356609   -2.9261202157943278   -7.6122345597914123   -8.5371833544086808   -2.4505074466080714   -9.0336202407225734   -8.7282385911713902   -3.7482433854502708   -8.8394642262816152   -7.6653443851053602   -1.9043799278633868   -8.3053817403513577   -9.3700924773437855   -2.3558173549839756   -5.9296743825283489   -3.3156531310744151   -3.5058932812816797   -9.3700924773437855   -7.8014765594299407   -9.3700924773437855   -6.1353433033192948   -9.3700924773437855   -0.9976707550554195   
-2.6811173187426220   -8.5602526808766850   -8.0833286087863758   -6.8862762473050125   -1.9631827738890724   -7.9242639141566880   -4.6197502041266700   -2.2213641819441556   -2.8612966495974126   -9.1480393457788036   -8.5602526808766850   -3.3580791748815502   -6.0753460310886842   -3.7399711152716475   -2.8319582784259780   -7.9541168773063688   -9.0527291659744780   -2.5526687518888194   -4.0629151996918083   -4.9433467263878370   -3.4944980875593492   -9.1480393457788036   -7.5794234278649579   -9.1480393457788036   -5.8822799350117521   -8.6174110947166334   -1.0302198528344138   
-1.8949866865832032   -7.3872065417745896   -8.0531040798871594   -7.5422784561211689   -0.7286353651447546   -7.8583157543280748   -9.5899712994864252   -8.7790410832700960   -1.9951372153459488   -10.1007969232524160   -7.8852232072479991   -6.6350610204526888   -6.2613446106591049   -6.7051705866397153   -2.5617698674284206   -9.2534990628652114   -10.1007969232524160   -4.5720294302077304   -6.2226754694999507   -3.7645613367085251   -4.6222435064014453   -9.5411811353169931   -7.3816968859636205   -10.2831184800463710   -5.0245819835101777   -10.1878083002420450   -2.3623088007577695   
-3.7122448865480009   -4.7174752821302111   -2.7839843705158169   -3.2216013768067646   -3.1683365236496233   -3.9038254558612402   -3.6807905470589519   -9.1193045441002720   -6.4229895992164829   -10.3232773484262080   -5.2408383222009691   -3.0795261367137394   -3.1736876196863721   -1.3126793991869439   -2.6643811758555511   -4.9236074876178835   -7.8955291124781564   -3.4097056841226312   -2.0515798328281978   -2.1011937452905483   -6.5110746782802726   -3.8167461832949807   -9.6726897822850582   -6.1683081643876729   -10.4102887254158370   -5.5117707294402880   -3.7883989879590838   
-2.3427609160575655   -6.1024094410597085   -6.0378709199221374   -6.5078745491678731   -1.4153520955994334   -6.2455102847003818   -6.1714023125466602   -6.3255529923739182   -5.5146227761575899   -6.5078745491678731   -6.2455102847003818   -6.4125643693635483   -6.3255529923739182   -6.5078745491678731   -1.2783714986201964   -6.4125643693635483   -6.3255529923739182   -6.1024094410597085   -6.1024094410597085   -6.2455102847003818   -1.1002544477293865   -6.5078745491678731   -6.2455102847003818   -6.5078745491678731   -6.5078745491678731   -6.5078745491678731   -4.8592159235804919   
-3.6194933584945135   -7.0477035394027370   -6.0624199360416311   -7.6718578484757316   -1.2114318817004575   -6.2855634873558408   -6.8245599880885273   -3.6311485020862624   -1.7851984157338754   -7.8149586921164049   -7.4895362916817767   -3.8876682145574701   -6.0361026277242571   -2.3543916630889337   -3.8417682258102714   -7.5466947055217251   -7.9820127767795706   -5.4820682496270301   -3.0008999219496366   -6.6910285954640045   -3.7387258798373502   -7.2444138336487915   -5.4382656269686374   -8.0773229565838953   -4.6828145630725366   -8.0773229565838953   -1.4288566755523215   
-2.2691833883143882   -6.5732977996947817   -5.7454793654499312   -2.8596367214634224   -1.7841347050080587   -4.1440479009095723   -6.8440916541180412   -7.7437746495925355   -2.1751158710179781   -9.7015192562948513   -4.9565871279316012   -2.0659336061919240   -5.0603386327837274   -6.4926937672801524   -2.4508837443961715   -5.6044007671900253   -9.7015192562948513   -5.6482860823151819   -3.8794600407142781   -3.8645179378524279   -3.8209862698941515   -5.0913615287957210   -5.4662057509475570   -9.8838408130888062   -2.3336002683489521   -8.6029069676267422   -2.0434097729831913   
-1.7539942375247688   -3.6841198980845076   -6.5593110988036560   -8.4396239653731566   -1.3654444296574595   -6.4075846625879045   -9.3375655585791151   -8.2389532699110060   -2.4389427631602505   -9.1705114739159495   -8.9022474873212687   -6.2060317438660624   -3.6410823864045252   -5.6624162972770806   -2.2280575251437695   -2.6972144960398214   -9.4328757383834390   -5.5010501056591137   -3.5381974599631496   -6.9071470940751842   -3.4685254837670296   -9.2505541815894858   -8.0718991852478386   -9.4328757383834390   -3.4247999254702610   -9.4328757383834390   -1.8968318511898539   
-3.4115771342847401   -6.7282852083899760   -3.0909427430720093   -1.7402648256897351   -2.5015190512398306   -4.8173719013717582   -2.1132105305164308   -6.8077493797442230   -3.2957925490940969   -6.2527989510692938   -4.9177978843369541   -4.6327698418790790   -5.9887758529341601   -4.6666517566412899   -2.8767595180672929   -7.6037539457438754   -6.8644656091860750   -7.1872390014491261   -3.0523362157550311   -2.2647479268985964   -4.9001580949910455   -5.3489595165861790   -7.1477365584728796   -7.4543765446692749   -4.5463518451567912   -8.8077267500698113   -1.4656789800236865   
-5.0822413891388436   -5.1423936319936017   -4.2765983533289242   -4.0852168176898669   -5.7599683850109136   -2.1747736159953641   -5.2886215722187107   -6.0901741103603149   -4.4715723308194235   -6.9068746830379801   -4.4326586554122649   -3.2277431063139637   -2.8212923556513845   -1.7681088393713913   -3.5156224239092224   -3.9518016568316168   -8.9863162247178163   -2.1664590794141954   -3.3712131841519417   -3.1224483347145418   -2.2101893882141153   -3.5450716407123704   -3.1404797504673136   -6.6631118445210342   -5.5134443850526402   -7.7042256411279277   -2.2129736790077486   
-2.1362653496671440   -7.6487499302755264   -6.5221637895650106   -8.5031652584315935   -1.7346145771700070   -6.5016852582214701   -7.7853254652812778   -3.6425779605789979   -2.6542728486002840   -8.4543750942621632   -7.8613113722591992   -2.3851781986138283   -6.3630990949353237   -7.2942049125946191   -2.1162017675272979   -2.7907534570773387   -9.1963124389915389   -1.7868731941606955   -3.8487288311405847   -3.2942257030347744   -3.1971277688684197   -9.1963124389915389   -7.0800569241889875   -9.1963124389915389   -4.9871522023408579   -9.1963124389915389   -2.9363486388485507   
-6.1822914969456484   -6.1822914969456484   -6.1822914969456484   -6.1822914969456484   -6.1822914969456484   -6.1822914969456484   -6.1822914969456484   -6.1822914969456484   -6.1822914969456484   -6.1822914969456484   -6.1822914969456484   -6.1822914969456484   -6.1822914969456484   -6.1822914969456484   -6.1822914969456484   -6.1822914969456484   -6.1822914969456484   -6.1822914969456484   -6.1822914969456484   -6.1822914969456484   -0.0571705650249931   -6.1822914969456484   -6.1822914969456484   -6.1822914969456484   -6.1822914969456484   -6.1822914969456484   -5.5404376107732540   
-2.5722807952437394   -5.9920572567963797   -4.3193167645512389   -3.7284294070555273   -1.4225483817556492   -5.3572316866714189   -4.3317609271287889   -6.0337579859953241   -2.3645417458191380   -9.4051832093238090   -4.8504645668318158   -4.6735565993831587   -3.7450043721497401   -3.9165761163326409   -2.3221645573596241   -5.4139794060212223   -9.0405400957358992   -3.6368622135300370   -2.9016138569514562   -3.2345687965875074   -3.9816438780223904   -4.9058180822326944   -6.2575885864605718   -10.1391523844040100   -3.2585970253485272   -8.0701821425914684   -1.7281348556024396   
-3.2090119684802527   -6.3348995231543030   -4.0932990644173737   -7.5920350390622797   -2.1586345703035548   -6.1829951939534187   -7.8495033329175641   -2.9152578145891450   -2.7754710419906368   -9.5502910239398933   -4.5510244574503966   -4.7071315107863114   -4.5892723223674494   -6.2432450734008436   -2.9689285157149672   -3.8539273046711369   -7.0090314376007603   -8.2431339833787263   -2.8108514947509753   -2.1177557637833035   -3.2565503308680648   -7.8655036742640059   -5.3805970244760051   -10.3832001468749960   -5.2014165965829111   -9.9131965176292614   -0.9911300598753203   
-3.1682706209020797   -8.2177061950993853   -5.8788998386710221   -9.5252196783661631   -2.3388918749787213   -7.1724024598857836   -8.4784324575626382   -1.1074718716074006   -2.3662341497302157   -10.4567778823711070   -9.6895227296574387   -4.4185398552495441   -6.0323919738580827   -7.2196088644555800   -2.3367153961191565   -8.1619148354709701   -10.7191421468385960   -3.4624215669877803   -3.6797447588047447   -4.0251990917417855   -3.9002180815630756   -9.5559913370329159   -5.1825955915583100   -10.1313554819364780   -4.2047257961667839   -7.9847746374190134   -1.5835253210583506   
-3.6907063474960813   -3.7341336409280999   -3.2454721262149633   -4.0206087126298451   -3.2812979786880589   -5.0172437658127595   -3.1933271849501734   -7.7963898885987000   -3.7311188662600099   -9.3545345066452494   -6.2082293746118848   -2.2576751685724270   -3.4112977818505237   -2.0898626462543990   -6.0964379686237677   -3.1007056950697769   -8.9490693985370857   -1.9053759034329840   -1.9722545836234537   -1.9648676140617645   -9.2744917989717131   -6.7831953510849425   -9.3545345066452494   -7.3176525793842098   -7.3735330377786665   -5.2671586137392428   -3.2700350935700784   
-2.4677551327310105   -8.4660147229718206   -8.5613249027761462   -7.8681777222162008   -0.5192363285514866   -8.5613249027761462   -8.2989606383086549   -8.4660147229718206   -1.7429474349452256   -8.4660147229718206   -7.9194710166037510   -5.4433749964979059   -8.5613249027761462   -4.5668006758362560   -2.7892609207035393   -8.5613249027761462   -8.5613249027761462   -6.2687901456356014   -4.4071403401980280   -7.9735382378740267   -6.2891990172668084   -8.3790033459821913   -8.0306966517139760   -8.4660147229718206   -5.2581079294741944   -8.5613249027761462   -3.1228109057348257   
-1.5967984609576140   -7.6001421705956735   -7.6409641651159284   -5.3446486851354784   -1.8921021056868312   -6.8393363415619133   -8.1109677943616649   -1.6228272590921338   -1.7628783045649916   -8.8731078464085602   -7.0013056695069693   -5.4671598619878079   -8.1799606658486148   -3.2183655671770013   -2.5242186364713008   -8.2932893511556180   -9.2095800830297740   -4.5700084703243498   -4.2425484264156506   -5.6542320215403601   -7.5609214574423920   -9.2095800830297740   -7.3074725566328533   -9.2095800830297740   -6.8774361877941841   -9.0272585262358191   -2.1727282307132270   
-2.2547809680334239   -6.8982098661386058   -2.0276032166460531   -6.4927447580304412   -2.4626424645366942   -5.8334991291461771   -6.8982098661386058   -4.3104458309108979   -2.0731012597852527   -6.8982098661386058   -6.8982098661386058   -6.4282062368928701   -6.7158883093446509   -6.8982098661386058   -4.4558628307694015   -1.4955324842663262   -6.3675816150764355   -4.6364467676648147   -5.7668077546475054   -1.8703897472882491   -4.3724812218303502   -4.3487646952130339   -6.8028996863342810   -4.4734071404203108   -5.1754432683975020   -6.8982098661386058   -2.5557039896270073   
-3.8728743535324379   -6.0798383375596803   -5.6059562289853746   -6.1495716755743555   -2.9181087352006836   -5.8331401898365893   -6.9987231046108827   -7.3171768357294171   -3.8266394412494407   -8.8576218766765660   -7.4507082283539399   -4.7453828245779146   -4.4478584870310849   -5.4481256921997154   -2.2255103117197566   -4.7372306055163644   -9.0399434334705209   -5.7515415459537094   -3.1326760451632940   -4.2302010817536546   -7.0384634332603966   -7.6536490723506301   -6.2305407381080231   -7.7049423667381802   -8.1644746961166206   -7.7316106138203420   -0.3817890191036424   
-2.5311795993314572   -6.0031460518818198   -5.9078358720774951   -4.6948132322316409   -0.9292230185496455   -5.9078358720774951   -6.0031460518818198   -3.1997856709752850   -2.3395844057521735   -6.0031460518818198   -5.6666738152606069   -3.8868905370792679   -4.0016660516716955   -5.0098942788715366   -1.7362497244615696   -6.0031460518818198   -6.0031460518818198   -6.0031460518818198   -5.8208244950878649   -5.9078358720774951   -3.1183453390351104   -5.6666738152606069   -5.9078358720774951   -6.0031460518818198   -4.5680615265924969   -3.7731316517226094   -3.1699327078256037   
-2.1544563183006540   -3.1320289092329041   -3.2042402732214348   -3.5547759660800491   -3.8320798875631166   -3.2625149066892174   -4.1318426237305275   -2.7847122791384975   -2.7534204117779435   -5.6860742849137100   -5.2715182051042939   -3.7797926294683339   -3.3524684982622079   -3.8123859357235683   -2.6445324753284249   -3.3676057306367433   -6.2378725360564378   -3.6809218434868227   -2.7030074975159986   -1.8614238674076200   -4.4723885304095425   -4.9186968304815517   -2.8042850405884527   -7.7839495282823838   -4.7020395584873409   -8.4864425712605680   -3.2910629924454486   
0.0187820034731220